19359
26180
1887
24289
28764
30254
27387
25142
25561
23782
17832
4477
28647
26789
3736
25709
20106
2763
4377
16929
20682
15368
27527
10022
1532
17764
5948
11937
13249
10208
2160
11557
28936
13261
11645
4694
14511
11233
7083
30096
31098
30800
10524
20123
4324
8124
20877
19868
12445
5105
10080
31903
345
27514
18984
12379
31325
7883
427
18982
3248
7591
27899
26773
29325
27576
26575
14777
28931
9168
29961
15993
6034
28306
17665
22477
13619
13384
9923
10758
30410
6253
8358
23062
20552
25927
7329
25001
14306
17361
1861
14932
21098
24808
20063
4260
31732
30505
16748
5034
708
20465
26967
30402
23665
15565
21090
25875
27116
25167
5569
14053
29878
32338
7971
20379
18235
5794
31817
14391
9456
20977
15178
30330
13886
7674
23967
31335
30841
31434
20705
19450
16329
14405
1689
22467
28397
29637
18072
5755
22806
3114
24351
18646
14578
13192
14782
19110
23179
14486
29367
14200
31997
774
24043
14974
9552
3302
29448
12150
26898
8360
8469
27455
10385
19146
32740
7827
27634
16781
20113
25934
28556
10788
9075
22266
6930
20524
1724
13956
10619
2055
4511
16106
9805
18031
20704
15408
11807
16269
6632
13384
31464
26814
3737
12154
15440
27346
30558
21870
6257
23984
8536
15969
4949
30556
27943
15029
2499
28446
27919
22357
30083
4767
9542
646
27587
29813
27862
30773
25526
20727
546
11800
26536
1237
7884
22791
11039
16459
2106
27308
9993
15756
17801
13160
18172
32503
30236
5127
2178
27089
27090
1457
28615
15188
20736
5656
7692
25529
23872
23238
20180
32070
1837
3395
11936
4970
14028
28847
6918
6775
26890
13997
28710
26070
2315
18615
13705
2698
23946
2064
22267
15089
8223
26202
26567
13277
25804
10035
18469
2705
25535
25193
25201
31551
10559
9996
22129
21210
10617
15205
23003
6967
26463
2237
20322
972
29833
31157
21379
22093
32683
23974
31163
20323
30466
32333
5736
19328
22178
21898
32488
13408
15541
6002
6065
4259
14223
17497
17503
17099
22898
30987
19344
25411
28200
10605
4531
7375
5338
16318
11100
30095
18655
5840
31685
16630
12956
26438
23274
6022
22847
1266
28659
25828
18752
85
22975
29151
13414
12603
7209
12029
14095
19920
20079
28882
12263
24978
12208
18549
5393
30375
18191
27690
6600
3952
10135
2150
15462
9976
7785
3312
212
30302
9183
9599
18222
29868
3654
27589
5515
17724
24555
25116
5112
6856
18887
26960
28564
23993
4672
31378
7170
14679
28828
2967
23929
29213
18379
21217
19284
13669
25294
26778
11509
12644
24664
23263
18483
8926
20112
3571
5663
28878
19691
30983
8709
22322
28758
1173
28314
28328
8082
9476
19476
17897
18236
20523
30216
13404
6465
6389
12932
8922
14110
31933
17751
1579
11165
18694
2562
20056
21408
25761
3651
337
28033
3865
25127
16269
7140
8023
8574
11893
9927
5308
11853
31033
24103
3210
32647
1100
14889
9870
1792
21753
13756
18546
21784
2119
16052
20902
24840
280
988
13645
19740
14585
26986
6339
234
10901
9140
7631
22459
15434
26677
19003
31608
8620
1615
21987
14892
4723
15343
773
6372
21760
17916
29991
24929
7101
2987
1914
5347
28821
320
6964
10993
23068
15317
19527
11543
17654
4650
15010
1132
17300
13272
489
8467
3035
25468
6509
29805
14673
2172
3000
18364
18762
26666
7675
448
30184
22272
16051
615
25986
21268
23031
21613
27064
31619
1971
8461
12187
27493
29423
21833
18442
15755
20396
24979
21646
15240
18533
8676
20343
30183
25193
5867
3898
8434
20426
22176
17588
12629
29280
8869
15280
487
4754
27895
20007
17138
674
11823
11586
27743
9929
3429
13675
15513
1898
6374
20752
2779
32261
5234
14079
3846
15735
27059
30682
10519
303
28495
27665
18033
31926
9519
22628
17075
23764
17514
3379
18119
19853
32179
7972
12258
8412
32091
11647
6580
16166
9776
26392
25879
25394
25620
10233
13116
10040
9571
8745
7857
28452
18477
1670
31546
197
6519
10049
25481
17391
18362
18500
7679
30167
27071
31500
2557
28339
17565
6396
7924
1127
28817
28791
5681
17274
12434
19313
15265
5820
4027
28452
27245
1182
27292
26694
2212
18648
7721
4120
31419
11241
31030
30246
27498
9282
24676
8021
29584
32513
7509
25945
28465
15752
2067
10130
2800
18005
25875
32680
16286
12757
331
23362
15393
21282
11979
20130
26997
6869
22371
4735
12937
16947
1921
10310
18796
1590
8550
8106
7424
30392
10434
1803
31894
28777
14879
1509
3423
2913
29412
6286
18922
12914
7993
9050
372
1307
23783
26160
2589
26544
9022
19857
30702
13316
16168
31573
1255
14959
21814
5008
1571
1331
8921
19219
23780
2796
20349
7379
30984
11355
12794
18012
14226
24988
14438
7432
31083
16801
890
23590
16874
4559
1037
17024
18376
1504
29339
28478
13767
24661
1114
12103
24511
3637
20925
6683
16307
29501
19005
1850
30331
19996
24266
10926
18
18467
11053
3914
19203
26729
24234
13248
7110
31845
262
19118
30040
11100
4172
4592
6835
20339
11386
12802
14755
22855
12918
6999
28496
6050
2047
17950
27007
9452
26649
19861
32325
1343
9284
27857
2333
28972
25000
5687
1076
14144
25730
14108
6161
19976
8604
10161
23532
17335
14716
31968
6521
10286
14804
9713
10334
7367
6696
2284
28468
4500
24028
13667
3611
20365
30044
31380
12650
2618
15354
3023
12993
32745
15858
4248
18531
16921
17683
1888
26850
17921
10411
28406
6629
8765
9804
10668
29502
29649
28902
22159
32294
28612
15907
8474
6850
17968
18179
29280
10479
6086
28477
20032
19207
17142
19810
19613
7721
27429
30017
595
7871
3909
17423
3869
20930
12650
2619
4975
22816
19042
13592
17693
3250
27678
2738
3774
17826
31884
14478
7890
32559
3847
6874
1998
1753
7481
15440
15307
25531
22784
27401
25996
30847
23548
24730
4865
25222
5093
7997
22219
10480
8371
20668
20037
13602
31261
18
2776
29600
13524
19617
21573
6384
23046
7643
20052
28347
713
308
7150
13294
5089
32351
22526
286
2234
1856
6841
8505
19290
29419
9885
14020
2670
14562
7445
24111
8697
8343
22268
10459
2390
15560
7418
11139
19105
25826
32312
13127
24534
20969
23125
12076
15206
16369
2845
25752
2051
13696
22746
5672
29930
30897
9441
